100
-1 37 15 8 87 93 16 89 92 49 40 76 15 89 25 13 92 42 68 72 100 99 56 93 57 62 23 67 90 7 19 8 95 33 68 82 25 35 22 68 84 62 44 50 2 20 62 93 62 29 64 61 79 19 5 87 32 27 54 73 85 24 81 32 56 100 65 33 34 86 100 69 99 95 19 100 67 80 45 28 61 8 40 39 79 96 78 62 22 31 35 59 54 67 90 61 66 6 45 51 
37 -1 91 97 20 42 43 38 41 9 69 85 88 81 45 27 20 75 74 49 36 48 31 22 6 36 88 47 96 5 52 93 56 94 89 75 35 31 64 28 92 32 12 79 13 8 58 84 82 31 84 70 78 14 91 83 49 31 81 96 35 84 88 90 30 28 16 64 59 79 43 2 63 7 80 27 14 37 62 48 20 45 69 97 58 11 32 58 41 64 53 28 48 93 69 77 20 85 92 30 
15 91 -1 15 35 31 29 41 11 55 6 99 16 53 18 12 73 67 21 84 98 78 24 61 31 3 60 75 72 88 94 56 80 24 22 66 6 51 58 68 5 63 67 73 68 36 36 40 2 57 23 51 34 99 64 16 1 23 90 72 11 36 79 42 59 1 59 16 51 16 84 7 78 2 31 45 37 67 37 91 23 59 41 8 9 4 24 10 79 65 33 41 100 12 34 10 12 92 26 14 
8 97 15 -1 7 9 72 84 62 3 81 98 69 17 88 43 27 81 50 36 36 73 97 66 90 29 6 89 92 91 99 55 82 76 68 88 36 40 24 97 42 56 94 62 24 34 4 50 66 53 37 1 78 33 67 19 14 24 7 5 15 57 60 96 32 27 36 67 18 59 63 11 66 9 72 89 42 27 38 7 32 75 59 9 59 25 27 72 1 85 77 15 42 36 62 25 14 97 92 84 
87 20 35 7 -1 7 6 94 72 14 18 12 7 44 50 13 75 76 24 35 86 100 13 10 100 50 86 66 91 73 28 15 38 76 58 21 35 64 67 58 29 84 70 36 79 71 100 54 98 23 40 83 23 53 92 22 54 29 40 44 53 67 10 91 94 20 63 28 35 29 86 63 12 55 98 43 25 98 96 22 20 87 56 42 91 48 16 44 76 55 39 29 73 1 71 66 20 33 94 54 
93 42 31 9 7 -1 14 79 68 77 85 66 19 9 63 14 82 34 53 37 28 43 36 43 87 64 49 77 44 21 77 14 38 96 98 31 1 11 61 69 88 97 34 6 5 48 72 38 81 24 75 8 66 62 2 4 25 2 81 68 22 57 81 12 5 79 94 57 41 55 25 28 3 10 34 8 9 5 97 42 80 23 1 97 85 3 53 9 4 33 77 78 41 9 89 97 39 82 54 80 
16 43 29 72 6 14 -1 88 30 7 91 92 92 50 52 48 98 93 27 21 94 24 5 48 76 65 3 60 41 80 52 2 20 49 40 54 54 19 93 35 78 83 78 69 84 30 17 82 22 43 54 67 18 58 14 45 22 17 4 15 48 56 16 68 56 55 73 61 26 65 95 3 100 73 71 35 2 39 16 75 82 21 42 99 78 7 96 52 23 99 18 71 6 85 90 13 39 62 73 16 
89 38 41 84 94 79 88 -1 26 20 18 77 44 41 12 97 79 79 71 12 100 64 63 29 71 58 32 93 56 49 15 14 33 4 26 24 17 51 39 95 70 9 71 13 1 82 9 79 13 31 91 12 95 5 40 17 62 24 61 69 72 76 82 57 31 60 32 100 10 70 94 31 30 16 43 30 50 3 9 62 85 51 25 31 7 16 47 68 39 8 36 63 35 70 19 65 81 50 64 42 
92 41 11 62 72 68 30 26 -1 71 9 72 1 25 66 82 26 68 42 87 4 44 11 35 50 26 81 17 17 88 5 79 74 26 49 39 6 98 54 47 20 15 70 72 91 35 54 16 54 95 54 57 39 16 91 88 93 72 57 9 11 13 87 85 38 87 75 95 36 80 93 56 46 62 27 36 96 32 3 49 27 8 5 17 23 48 56 16 71 12 76 81 24 15 17 13 1 43 59 37 
49 9 55 3 14 77 7 20 71 -1 75 51 92 72 12 70 60 59 2 62 59 80 70 16 48 44 63 3 59 33 67 87 65 42 1 34 55 1 28 65 37 2 16 28 74 79 50 85 38 3 46 48 82 67 63 81 63 25 83 73 9 1 59 74 43 59 7 49 60 34 13 96 88 80 76 13 59 77 97 48 79 94 95 12 13 58 92 75 34 26 47 43 27 6 68 21 64 26 21 75 
40 69 6 81 18 85 91 18 9 75 -1 11 33 71 50 13 98 62 23 74 10 70 4 56 16 15 68 73 58 94 59 35 40 1 13 97 20 33 61 45 5 87 55 38 57 5 2 6 18 76 31 80 45 34 35 60 100 2 85 9 95 43 44 86 95 56 83 14 41 95 10 45 81 16 82 90 72 35 95 90 10 78 69 6 63 3 18 63 56 54 71 2 96 14 87 42 22 69 7 62 
76 85 99 98 12 66 92 77 72 51 11 -1 63 16 6 44 83 40 85 55 74 31 96 36 8 16 93 71 18 10 85 25 63 55 26 10 21 12 3 42 33 9 3 95 76 60 90 59 99 26 13 25 57 8 60 64 23 4 86 92 66 70 68 28 77 93 90 97 56 92 90 88 1 44 35 76 3 76 86 2 2 98 26 10 57 37 73 31 40 59 74 5 80 41 85 56 85 26 52 93 
15 88 16 69 7 19 92 44 1 92 33 63 -1 17 93 80 69 36 66 97 39 94 82 92 47 32 17 56 40 5 80 71 44 38 44 1 70 37 37 25 21 62 29 13 78 21 45 99 57 62 95 47 7 28 38 53 59 6 60 99 10 40 21 5 29 16 57 98 52 93 23 25 54 51 37 84 23 33 82 31 47 28 29 53 55 66 6 66 23 17 16 84 56 88 41 85 3 97 34 55 
89 81 53 17 44 9 50 41 25 72 71 16 17 -1 90 56 79 95 58 67 30 33 52 63 63 98 90 92 50 97 9 7 62 84 24 29 67 79 16 7 15 18 56 49 24 97 56 54 91 14 73 21 98 24 35 60 21 25 3 70 21 64 77 34 47 52 14 65 30 29 24 45 98 79 45 74 75 100 27 17 65 51 89 62 74 24 74 94 48 28 16 20 91 44 5 89 95 18 54 76 
25 45 18 88 50 63 52 12 66 12 50 6 93 90 -1 98 29 72 47 7 16 72 33 68 51 49 32 1 38 46 75 13 19 20 60 46 35 31 89 30 35 77 24 4 82 100 53 10 23 51 68 39 23 100 6 73 1 89 73 90 34 99 2 4 19 13 2 5 43 90 87 29 18 10 84 52 61 88 13 84 38 81 74 12 32 79 84 32 19 9 73 53 59 74 56 29 86 57 86 28 
13 27 12 43 13 14 48 97 82 70 13 44 80 56 98 -1 98 72 8 16 33 91 67 94 78 79 29 68 11 54 79 95 84 15 78 2 23 51 54 33 24 10 62 10 18 47 89 16 18 49 83 50 39 49 95 69 79 75 88 42 28 66 36 63 80 13 65 54 63 18 87 39 79 48 48 49 46 88 64 63 36 46 64 27 46 11 47 76 37 34 17 65 51 4 27 31 17 43 36 31 
92 20 73 27 75 82 98 79 26 60 98 83 69 79 29 98 -1 61 22 69 91 21 68 39 18 56 54 32 43 51 96 69 96 58 67 24 94 52 40 10 3 96 89 85 64 31 20 94 91 94 15 34 66 82 72 84 89 78 15 32 28 62 52 24 19 19 47 13 70 38 22 72 85 10 8 48 41 28 94 83 73 8 68 38 89 92 21 30 69 36 61 96 49 64 71 68 82 69 32 4 
42 75 67 81 76 34 93 79 68 59 62 40 36 95 72 72 61 -1 59 5 27 43 67 35 43 59 14 36 41 86 43 61 23 83 52 96 12 20 83 24 15 31 88 38 50 21 6 81 24 64 86 3 59 52 37 1 10 50 36 2 87 30 62 61 64 65 56 76 84 38 51 51 21 90 40 70 11 45 51 86 61 88 88 19 91 24 19 100 25 6 53 63 35 67 24 50 31 79 25 67 
68 74 21 50 24 53 27 71 42 2 23 85 66 58 47 8 22 59 -1 69 28 69 41 17 8 10 79 52 12 65 64 99 52 82 41 28 52 40 4 9 45 67 95 63 90 45 93 20 21 11 40 48 79 80 17 38 42 95 90 53 59 53 4 11 87 44 90 90 36 93 99 32 11 93 94 52 37 38 24 58 49 63 57 79 95 73 17 36 20 58 40 78 62 43 40 100 39 29 90 74 
72 49 84 36 35 37 21 12 87 62 74 55 97 67 7 16 69 5 69 -1 74 88 5 84 32 50 36 21 87 59 30 87 73 86 66 67 11 34 54 30 43 94 59 4 36 99 4 26 79 93 99 52 32 55 36 15 4 23 35 43 81 16 29 53 54 46 72 64 31 25 45 73 18 3 77 6 53 32 31 32 76 82 83 59 36 70 73 92 92 60 86 24 75 14 29 80 12 100 43 94 
100 36 98 36 86 28 94 100 4 59 10 74 39 30 16 33 91 27 28 74 -1 24 39 67 94 42 95 99 46 26 81 77 1 62 12 59 50 81 83 93 25 94 78 48 21 43 76 100 6 27 95 100 51 33 66 96 26 60 94 72 37 74 48 37 88 11 47 37 92 29 29 68 75 6 67 95 100 95 94 6 21 88 5 23 21 70 18 98 81 63 69 17 89 69 5 76 79 51 12 22 
99 48 78 73 100 43 24 64 44 80 70 31 94 33 72 91 21 43 69 88 24 -1 31 92 41 5 49 8 99 48 2 45 53 22 32 9 97 4 78 14 2 10 29 70 78 17 90 82 92 69 84 55 42 15 98 83 71 98 42 22 45 43 66 50 16 49 58 64 53 88 30 54 49 58 23 27 26 13 8 17 33 92 23 26 58 72 60 80 69 1 53 65 95 18 66 63 67 24 26 71 
56 31 24 97 13 36 5 63 11 70 4 96 82 52 33 67 68 67 41 5 39 31 -1 63 55 24 11 64 46 89 89 10 97 57 94 40 31 72 49 2 31 28 22 84 33 87 78 2 52 40 20 27 18 90 41 24 13 4 88 11 92 76 20 40 85 66 79 15 37 79 69 19 7 90 2 91 76 32 92 80 23 12 58 40 1 99 64 14 2 3 24 93 30 95 85 14 12 63 29 48 
93 22 61 66 10 43 48 29 35 16 56 36 92 63 68 94 39 35 17 84 67 92 63 -1 42 97 19 100 38 20 90 66 51 81 45 74 92 2 65 45 52 80 58 53 82 33 98 64 27 82 77 91 96 57 38 89 5 8 40 43 28 29 8 30 62 52 55 5 5 20 49 9 51 58 13 85 90 62 48 69 95 76 59 91 33 48 31 37 56 71 79 35 51 38 64 64 41 19 69 98 
57 6 31 90 100 87 76 71 50 48 16 8 47 63 51 78 18 43 8 32 94 41 55 42 -1 90 69 6 92 27 18 76 68 80 23 88 74 51 46 16 83 46 99 71 1 69 2 35 71 39 50 35 80 20 3 77 61 23 34 53 1 51 28 69 82 3 56 8 53 54 75 35 99 73 57 99 93 58 85 64 97 34 98 28 54 52 56 14 74 41 18 75 43 46 95 25 48 50 84 52 
62 36 3 29 50 64 65 58 26 44 15 16 32 98 49 79 56 59 10 50 42 5 24 97 90 -1 3 58 38 1 31 94 51 23 52 35 38 100 21 35 79 26 86 86 91 12 26 9 86 68 6 80 44 5 81 27 56 84 85 93 36 67 86 39 41 89 73 79 40 45 65 18 70 51 3 61 62 80 21 99 48 26 30 91 30 10 18 85 45 54 29 33 72 14 71 64 55 95 42 94 
23 88 60 6 86 49 3 32 81 63 68 93 17 90 32 29 54 14 79 36 95 49 11 19 69 3 -1 40 59 12 61 9 66 73 22 46 93 72 45 70 1 35 99 62 4 35 59 9 63 43 32 29 13 96 83 7 89 28 98 47 91 59 7 57 31 80 54 76 51 98 45 3 84 96 17 40 30 75 100 45 17 32 25 81 79 59 39 67 86 89 66 77 47 24 85 29 4 38 4 54 
67 47 75 89 66 77 60 93 17 3 73 71 56 92 1 68 32 36 52 21 99 8 64 100 6 58 40 -1 87 49 9 22 44 25 61 25 51 61 21 19 44 45 99 74 3 89 92 89 77 57 17 23 81 1 4 84 90 7 89 76 55 97 97 50 73 10 27 23 22 47 41 17 92 91 90 94 80 81 34 56 90 2 31 70 2 34 5 91 92 45 18 99 42 67 48 66 76 74 89 97 
90 96 72 92 91 44 41 56 17 59 58 18 40 50 38 11 43 41 12 87 46 99 46 38 92 38 59 87 -1 21 29 65 64 20 54 9 51 34 95 58 23 96 40 44 98 25 100 40 17 45 58 15 38 24 14 3 99 40 43 47 12 72 63 75 43 16 83 45 1 77 2 76 73 42 19 22 66 71 61 34 15 18 48 4 93 62 58 43 1 1 41 12 72 3 38 66 18 20 62 71 
7 5 88 91 73 21 80 49 88 33 94 10 5 97 46 54 51 86 65 59 26 48 89 20 27 1 12 49 21 -1 49 63 46 73 56 16 94 74 86 54 7 52 24 55 55 16 68 13 11 20 13 51 31 36 54 68 53 23 39 14 45 39 76 90 11 84 6 56 57 43 10 15 95 85 21 49 52 88 61 62 7 25 65 89 60 70 8 12 44 99 77 89 37 5 78 100 88 35 55 96 
19 52 94 99 28 77 52 15 5 67 59 85 80 9 75 79 96 43 64 30 81 2 89 90 18 31 61 9 29 49 -1 78 16 10 72 100 31 72 4 70 85 65 77 9 81 17 21 50 25 84 94 75 61 34 63 65 11 62 4 98 17 99 27 32 8 98 84 90 21 87 60 5 3 88 14 84 4 86 85 80 69 30 54 29 63 17 45 74 30 48 23 46 98 49 30 6 98 13 47 18 
8 93 56 55 15 14 2 14 79 87 35 25 71 7 13 95 69 61 99 87 77 45 10 66 76 94 9 22 65 63 78 -1 51 6 75 53 93 40 88 49 25 73 28 93 2 34 74 17 2 18 42 31 18 64 77 15 64 58 72 61 70 19 30 72 76 56 24 69 95 64 69 19 88 96 12 41 29 37 57 82 6 98 13 23 61 41 90 24 98 61 36 19 31 18 90 7 73 13 27 20 
95 56 80 82 38 38 20 33 74 65 40 63 44 62 19 84 96 23 52 73 1 53 97 51 68 51 66 44 64 46 16 51 -1 28 95 38 15 42 1 56 23 37 12 4 43 10 16 17 70 8 58 46 5 71 33 23 1 2 12 59 27 77 37 46 56 83 35 71 25 36 26 99 24 37 2 18 98 70 87 68 77 44 65 34 14 49 8 67 51 72 25 29 100 62 26 55 44 60 25 20 
33 94 24 76 76 96 49 4 26 42 1 55 38 84 20 15 58 83 82 86 62 22 57 81 80 23 73 25 20 73 10 6 28 -1 95 50 18 71 39 72 88 36 93 74 55 69 18 71 54 83 20 62 49 22 33 74 2 32 87 27 86 82 86 11 54 33 12 71 3 2 94 42 38 86 68 44 7 37 15 60 19 86 21 68 59 5 93 60 36 31 86 74 64 23 36 17 55 99 40 9 
68 89 22 68 58 98 40 26 49 1 13 26 44 24 60 78 67 52 41 66 12 32 94 45 23 52 22 61 54 56 72 75 95 95 -1 1 33 51 90 19 70 85 25 6 99 36 24 36 9 43 46 13 87 5 1 17 42 26 81 65 61 49 71 11 88 32 11 21 34 52 91 3 37 67 8 87 2 83 23 10 26 68 75 12 25 27 81 18 52 13 82 64 61 5 74 49 36 85 21 69 
82 75 66 88 21 31 54 24 39 34 97 10 1 29 46 2 24 96 28 67 59 9 40 74 88 35 46 25 9 16 100 53 38 50 1 -1 36 63 71 24 29 30 11 82 12 85 44 37 52 18 1 28 44 81 46 47 93 79 10 5 83 83 53 70 19 25 38 7 87 60 30 67 89 40 49 1 24 92 89 28 9 41 7 4 21 4 50 65 83 11 22 17 45 26 87 64 51 76 22 89 
25 35 6 36 35 1 54 17 6 55 20 21 70 67 35 23 94 12 52 11 50 97 31 92 74 38 93 51 51 94 31 93 15 18 33 36 -1 88 51 56 28 43 4 28 18 95 69 97 55 9 56 10 82 59 11 98 93 21 19 10 65 45 48 80 47 75 1 35 62 4 42 90 98 45 69 15 91 89 64 97 50 19 6 31 29 16 80 22 88 99 31 53 95 30 84 93 4 85 79 18 
35 31 51 40 64 11 19 51 98 1 33 12 37 79 31 51 52 20 40 34 81 4 72 2 51 100 72 61 34 74 72 40 42 71 51 63 88 -1 40 21 59 37 17 27 51 60 68 66 56 17 36 14 47 65 29 78 86 69 76 68 73 22 97 56 66 52 92 45 69 31 17 27 67 33 6 70 44 73 87 100 89 23 13 87 87 93 64 72 13 92 39 85 65 87 41 31 38 84 27 7 
22 64 58 24 67 61 93 39 54 28 61 3 37 16 89 54 40 83 4 54 83 78 49 65 46 21 45 21 95 86 4 88 1 39 90 71 51 40 -1 15 43 85 33 27 90 2 71 14 89 22 54 63 34 40 49 78 56 72 91 99 62 27 15 48 19 97 37 3 23 43 69 65 80 1 44 69 55 14 35 95 35 88 57 20 80 57 49 35 28 91 85 89 18 99 88 36 96 24 90 70 
68 28 68 97 58 69 35 95 47 65 45 42 25 7 30 33 10 24 9 30 93 14 2 45 16 35 70 19 58 54 70 49 56 72 19 24 56 21 15 -1 19 58 87 98 11 30 18 17 43 52 63 29 40 19 100 19 27 48 5 54 91 89 94 8 39 81 95 86 56 37 56 74 46 42 71 56 71 89 24 65 92 86 93 31 56 92 49 82 91 53 87 81 93 80 40 32 12 35 17 68 
84 92 5 42 29 88 78 70 20 37 5 33 21 15 35 24 3 15 45 43 25 2 31 52 83 79 1 44 23 7 85 25 23 88 70 29 28 59 43 19 -1 23 72 93 68 65 16 76 35 56 99 99 47 85 43 78 40 86 26 22 77 31 8 9 23 40 49 54 51 35 23 70 57 94 15 76 59 30 51 45 85 50 96 31 34 38 60 73 76 38 46 4 68 54 12 42 93 12 96 95 
62 32 63 56 84 97 83 9 15 2 87 9 62 18 77 10 96 31 67 94 94 10 28 80 46 26 35 45 96 52 65 73 37 36 85 30 43 37 85 58 23 -1 98 18 65 54 63 31 30 73 60 32 18 44 81 65 26 14 2 38 39 29 75 84 32 94 89 96 35 81 7 82 28 5 51 44 10 14 74 91 38 33 23 7 28 3 71 5 69 25 42 59 53 68 42 37 61 31 32 96 
44 12 67 94 70 34 78 71 70 16 55 3 29 56 24 62 89 88 95 59 78 29 22 58 99 86 99 99 40 24 77 28 12 93 25 11 4 17 33 87 72 98 -1 63 38 77 42 94 80 85 56 45 58 46 82 90 20 89 69 75 11 74 43 35 67 53 40 35 94 76 47 76 7 42 91 96 71 32 42 50 69 97 94 26 42 27 68 14 67 88 88 78 13 82 64 80 34 3 66 79 
50 79 73 62 36 6 69 13 72 28 38 95 13 49 4 10 85 38 63 4 48 70 84 53 71 86 62 74 44 55 9 93 4 74 6 82 28 27 27 98 93 18 63 -1 78 12 7 36 6 49 32 28 32 73 29 100 21 74 78 14 100 45 27 67 32 66 96 45 47 59 76 32 62 41 63 91 52 69 27 9 69 10 36 100 34 64 52 54 37 29 67 37 73 46 55 56 11 50 52 10 
2 13 68 24 79 5 84 1 91 74 57 76 78 24 82 18 64 50 90 36 21 78 33 82 1 91 4 3 98 55 81 2 43 55 99 12 18 51 90 11 68 65 38 78 -1 60 27 41 21 19 3 64 23 23 90 31 91 51 67 43 84 82 94 89 19 74 55 7 46 52 61 53 63 62 57 72 21 35 64 94 54 19 57 28 41 98 58 84 48 76 26 31 58 71 71 28 44 77 34 41 
20 8 36 34 71 48 30 82 35 79 5 60 21 97 100 47 31 21 45 99 43 17 87 33 69 12 35 89 25 16 17 34 10 69 36 85 95 60 2 30 65 54 77 12 60 -1 29 46 45 43 7 1 14 79 36 29 72 41 47 80 68 88 77 77 23 24 5 100 6 62 70 76 41 65 53 74 5 81 71 1 23 29 2 88 7 89 68 31 81 15 10 48 54 87 76 76 62 80 75 68 
62 58 36 4 100 72 17 9 54 50 2 90 45 56 53 89 20 6 93 4 76 90 78 98 2 26 59 92 100 68 21 74 16 18 24 44 69 68 71 18 16 63 42 7 27 29 -1 93 96 43 33 60 95 58 16 27 28 16 1 56 69 88 15 57 56 45 37 22 6 36 75 92 64 2 54 43 76 73 88 71 15 20 82 62 78 97 40 57 12 41 13 81 80 27 89 87 23 78 8 28 
93 84 40 50 54 38 82 79 16 85 6 59 99 54 10 16 94 81 20 26 100 82 2 64 35 9 9 89 40 13 50 17 17 71 36 37 97 66 14 17 76 31 94 36 41 46 93 -1 13 34 72 28 35 77 71 10 49 58 32 63 29 65 76 58 61 16 15 25 8 27 57 87 5 45 74 27 22 33 6 87 67 77 66 53 53 36 63 1 45 46 16 26 11 43 83 23 58 97 99 65 
62 82 2 66 98 81 22 13 54 38 18 99 57 91 23 18 91 24 21 79 6 92 52 27 71 86 63 77 17 11 25 2 70 54 9 52 55 56 89 43 35 30 80 6 21 45 96 13 -1 75 55 4 31 52 29 57 25 61 63 63 79 91 29 32 44 16 46 44 13 43 11 38 5 54 72 80 63 21 78 80 47 33 83 78 36 11 86 60 23 100 23 54 91 3 85 34 18 82 29 30 
29 31 57 53 23 24 43 31 95 3 76 26 62 14 51 49 94 64 11 93 27 69 40 82 39 68 43 57 45 20 84 18 8 83 43 18 9 17 22 52 56 73 85 49 19 43 43 34 75 -1 24 40 19 81 45 91 60 7 63 37 86 9 21 20 86 56 82 72 16 57 71 90 10 61 92 46 46 9 27 75 91 2 66 9 82 10 51 41 68 13 78 54 22 98 73 59 6 7 30 21 
64 84 23 37 40 75 54 91 54 46 31 13 95 73 68 83 15 86 40 99 95 84 20 77 50 6 32 17 58 13 94 42 58 20 46 1 56 36 54 63 99 60 56 32 3 7 33 72 55 24 -1 63 53 62 72 65 53 17 11 13 95 37 55 96 2 64 78 63 66 18 30 79 47 35 52 97 60 10 2 66 92 74 28 44 35 51 8 39 19 70 3 13 58 58 60 59 21 37 73 38 
61 70 51 1 83 8 67 12 57 48 80 25 47 21 39 50 34 3 48 52 100 55 27 91 35 80 29 23 15 51 75 31 46 62 13 28 10 14 63 29 99 32 45 28 64 1 60 28 4 40 63 -1 7 55 16 5 89 19 1 48 29 2 65 20 27 44 15 61 94 74 99 64 96 2 28 53 11 88 64 31 76 36 68 34 90 36 39 31 54 39 78 34 93 43 5 19 38 19 32 32 
79 78 34 78 23 66 18 95 39 82 45 57 7 98 23 39 66 59 79 32 51 42 18 96 80 44 13 81 38 31 61 18 5 49 87 44 82 47 34 40 47 18 58 32 23 14 95 35 31 19 53 7 -1 45 82 47 40 35 75 92 45 62 55 27 89 43 47 23 84 82 61 14 87 51 44 73 95 38 77 66 75 48 97 58 92 78 5 31 13 79 22 9 92 29 36 80 71 82 2 54 
19 14 99 33 53 62 58 5 16 67 34 8 28 24 100 49 82 52 80 55 33 15 90 57 20 5 96 1 24 36 34 64 71 22 5 81 59 65 40 19 85 44 46 73 23 79 58 77 52 81 62 55 45 -1 15 14 20 1 17 63 25 63 100 2 28 74 49 24 32 40 54 36 70 18 66 43 26 57 23 13 36 93 94 90 99 8 55 18 61 71 80 85 34 79 38 13 4 86 89 35 
5 91 64 67 92 2 14 40 91 63 35 60 38 35 6 95 72 37 17 36 66 98 41 38 3 81 83 4 14 54 63 77 33 33 1 46 11 29 49 100 43 81 82 29 90 36 16 71 29 45 72 16 82 15 -1 25 42 22 46 11 87 41 88 43 63 1 31 8 46 20 6 54 26 75 66 49 6 2 34 84 40 46 39 25 34 74 2 27 95 99 37 82 91 77 76 54 77 6 13 22 
87 83 16 19 22 4 45 17 88 81 60 64 53 60 73 69 84 1 38 15 96 83 24 89 77 27 7 84 3 68 65 15 23 74 17 47 98 78 78 19 78 65 90 100 31 29 27 10 57 91 65 5 47 14 25 -1 77 18 27 3 44 44 51 49 46 36 84 85 81 22 61 15 47 14 41 94 13 30 75 3 6 2 8 34 8 20 55 36 89 34 38 84 77 40 32 22 75 67 58 8 
32 49 1 14 54 25 22 62 93 63 100 23 59 21 1 79 89 10 42 4 26 71 13 5 61 56 89 90 99 53 11 64 1 2 42 93 93 86 56 27 40 26 20 21 91 72 28 49 25 60 53 89 40 20 42 77 -1 89 19 22 35 32 14 28 96 43 54 51 100 56 10 33 15 82 40 50 70 73 40 6 1 31 37 23 6 4 32 13 44 50 86 30 34 51 10 81 94 15 31 45 
27 31 23 24 29 2 17 24 72 25 2 4 6 25 89 75 78 50 95 23 60 98 4 8 23 84 28 7 40 23 62 58 2 32 26 79 21 69 72 48 86 14 89 74 51 41 16 58 61 7 17 19 35 1 22 18 89 -1 22 93 30 36 74 69 38 95 93 77 100 93 7 89 67 64 92 51 28 87 52 65 16 85 16 25 18 61 40 100 5 13 92 34 49 65 54 38 12 98 66 11 
54 81 90 7 40 81 4 61 57 83 85 86 60 3 73 88 15 36 90 35 94 42 88 40 34 85 98 89 43 39 4 72 12 87 81 10 19 76 91 5 26 2 69 78 67 47 1 32 63 63 11 1 75 17 46 27 19 22 -1 43 72 99 61 88 42 11 67 28 63 32 96 99 47 72 16 7 63 16 63 76 59 97 76 76 2 13 87 100 78 97 42 1 48 54 88 89 65 7 69 27 
73 96 72 5 44 68 15 69 9 73 9 92 99 70 90 42 32 2 53 43 72 22 11 43 53 93 47 76 47 14 98 61 59 27 65 5 10 68 99 54 22 38 75 14 43 80 56 63 63 37 13 48 92 63 11 3 22 93 43 -1 38 64 77 84 35 45 42 98 12 4 73 70 52 48 45 54 12 31 5 89 80 98 89 27 51 29 15 15 35 83 93 72 98 22 7 33 66 48 82 77 
85 35 11 15 53 22 48 72 11 9 95 66 10 21 34 28 28 87 59 81 37 45 92 28 1 36 91 55 12 45 17 70 27 86 61 83 65 73 62 91 77 39 11 100 84 68 69 29 79 86 95 29 45 25 87 44 35 30 72 38 -1 51 6 98 55 53 43 60 64 25 64 4 4 13 92 30 63 20 45 30 6 79 74 77 77 47 83 61 12 82 42 40 85 47 38 39 51 32 98 66 
24 84 36 57 67 57 56 76 13 1 43 70 40 64 99 66 62 30 53 16 74 43 76 29 51 67 59 97 72 39 99 19 77 82 49 83 45 22 27 89 31 29 74 45 82 88 88 65 91 9 37 2 62 63 41 44 32 36 99 64 51 -1 56 13 69 60 25 12 89 87 84 85 68 89 16 94 18 44 40 52 4 52 34 97 43 18 95 32 8 97 63 5 62 19 17 82 30 93 45 70 
81 88 79 60 10 81 16 82 87 59 44 68 21 77 2 36 52 62 4 29 48 66 20 8 28 86 7 97 63 76 27 30 37 86 71 53 48 97 15 94 8 75 43 27 94 77 15 76 29 21 55 65 55 100 88 51 14 74 61 77 6 56 -1 79 28 55 99 69 22 92 86 65 31 37 20 34 70 16 29 39 62 60 98 58 23 2 71 93 70 4 22 62 48 91 93 28 97 43 96 70 
32 90 42 96 91 12 68 57 85 74 86 28 5 34 4 63 24 61 11 53 37 50 40 30 69 39 57 50 75 90 32 72 46 11 11 70 80 56 48 8 9 84 35 67 89 77 57 58 32 20 96 20 27 2 43 49 28 69 88 84 98 13 79 -1 34 81 34 16 69 53 2 91 20 82 81 33 41 79 90 15 80 12 7 2 15 80 15 15 71 7 42 19 49 37 89 34 69 22 2 89 
56 30 59 32 94 5 56 31 38 43 95 77 29 47 19 80 19 64 87 54 88 16 85 62 82 41 31 73 43 11 8 76 56 54 88 19 47 66 19 39 23 32 67 32 19 23 56 61 44 86 2 27 89 28 63 46 96 38 42 35 55 69 28 34 -1 27 55 79 98 36 60 83 28 38 72 43 69 36 49 70 50 29 37 64 51 43 57 69 44 45 9 29 65 83 82 54 61 36 32 10 
100 28 1 27 20 79 55 60 87 59 56 93 16 52 13 13 19 65 44 46 11 49 66 52 3 89 80 10 16 84 98 56 83 33 32 25 75 52 97 81 40 94 53 66 74 24 45 16 16 56 64 44 43 74 1 36 43 95 11 45 53 60 55 81 27 -1 23 43 92 51 80 64 45 1 51 45 22 100 25 58 16 75 53 72 96 96 69 56 76 33 38 58 86 98 45 70 8 20 12 99 
65 16 59 36 63 94 73 32 75 7 83 90 57 14 2 65 47 56 90 72 47 58 79 55 56 73 54 27 83 6 84 24 35 12 11 38 1 92 37 95 49 89 40 96 55 5 37 15 46 82 78 15 47 49 31 84 54 93 67 42 43 25 99 34 55 23 -1 22 44 14 66 44 64 10 65 16 35 75 31 61 27 54 8 22 74 64 49 7 1 58 44 51 3 13 58 74 25 8 95 20 
33 64 16 67 28 57 61 100 95 49 14 97 98 65 5 54 13 76 90 64 37 64 15 5 8 79 76 23 45 56 90 69 71 71 21 7 35 45 3 86 54 96 35 45 7 100 22 25 44 72 63 61 23 24 8 85 51 77 28 98 60 12 69 16 79 43 22 -1 74 12 63 37 73 79 4 7 53 86 20 79 92 79 52 65 42 53 71 95 10 15 45 64 79 54 37 55 13 83 74 86 
34 59 51 18 35 41 26 10 36 60 41 56 52 30 43 63 70 84 36 31 92 53 37 5 53 40 51 22 1 57 21 95 25 3 34 87 62 69 23 56 51 35 94 47 46 6 6 8 13 16 66 94 84 32 46 81 100 100 63 12 64 89 22 69 98 92 44 74 -1 94 36 75 67 67 78 25 71 64 96 2 55 75 5 19 68 57 42 14 19 8 58 82 86 63 71 41 28 5 14 13 
86 79 16 59 29 55 65 70 80 34 95 92 93 29 90 18 38 38 93 25 29 88 79 20 54 45 98 47 77 43 87 64 36 2 52 60 4 31 43 37 35 81 76 59 52 62 36 27 43 57 18 74 82 40 20 22 56 93 32 4 25 87 92 53 36 51 14 12 94 -1 99 2 87 17 68 65 93 38 28 89 91 34 15 96 52 34 52 93 48 70 100 5 4 38 20 26 78 47 30 43 
100 43 84 63 86 25 95 94 93 13 10 90 23 24 87 87 22 51 99 45 29 30 69 49 75 65 45 41 2 10 60 69 26 94 91 30 42 17 69 56 23 7 47 76 61 70 75 57 11 71 30 99 61 54 6 61 10 7 96 73 64 84 86 2 60 80 66 63 36 99 -1 11 80 44 98 48 11 14 41 1 93 81 91 26 47 38 77 80 90 22 27 11 73 84 66 10 3 91 39 1 
69 2 7 11 63 28 3 31 56 96 45 88 25 45 29 39 72 51 32 73 68 54 19 9 35 18 3 17 76 15 5 19 99 42 3 67 90 27 65 74 70 82 76 32 53 76 92 87 38 90 79 64 14 36 54 15 33 89 99 70 4 85 65 91 83 64 44 37 75 2 11 -1 21 82 11 52 25 60 100 88 73 40 40 17 72 82 42 18 20 71 97 61 92 24 71 16 7 89 78 61 
99 63 78 66 12 3 100 30 46 88 81 1 54 98 18 79 85 21 11 18 75 49 7 51 99 70 84 92 73 95 3 88 24 38 37 89 98 67 80 46 57 28 7 62 63 41 64 5 5 10 47 96 87 70 26 47 15 67 47 52 4 68 31 20 28 45 64 73 67 87 80 21 -1 79 16 13 51 97 23 3 74 35 2 61 59 93 52 76 64 33 17 81 52 87 29 12 30 52 35 98 
95 7 2 9 55 10 73 16 62 80 16 44 51 79 10 48 10 90 93 3 6 58 90 58 73 51 96 91 42 85 88 96 37 86 67 40 45 33 1 42 94 5 42 41 62 65 2 45 54 61 35 2 51 18 75 14 82 64 72 48 13 89 37 82 38 1 10 79 67 17 44 82 79 -1 58 23 75 70 1 90 82 4 39 57 58 12 91 59 24 49 3 75 24 18 59 41 50 11 79 78 
19 80 31 72 98 34 71 43 27 76 82 35 37 45 84 48 8 40 94 77 67 23 2 13 57 3 17 90 19 21 14 12 2 68 8 49 69 6 44 71 15 51 91 63 57 53 54 74 72 92 52 28 44 66 66 41 40 92 16 45 92 16 20 81 72 51 65 4 78 68 98 11 16 58 -1 74 61 30 8 58 39 82 32 9 35 73 42 38 11 98 95 74 40 5 97 89 59 23 12 76 
100 27 45 89 43 8 35 30 36 13 90 76 84 74 52 49 48 70 52 6 95 27 91 85 99 61 40 94 22 49 84 41 18 44 87 1 15 70 69 56 76 44 96 91 72 74 43 27 80 46 97 53 73 43 49 94 50 51 7 54 30 94 34 33 43 45 16 7 25 65 48 52 13 23 74 -1 82 4 25 44 35 54 17 95 83 77 4 74 58 35 34 44 7 75 81 70 25 27 43 64 
67 14 37 42 25 9 2 50 96 59 72 3 23 75 61 46 41 11 37 53 100 26 76 90 93 62 30 80 66 52 4 29 98 7 2 24 91 44 55 71 59 10 71 52 21 5 76 22 63 46 60 11 95 26 6 13 70 28 63 12 63 18 70 41 69 22 35 53 71 93 11 25 51 75 61 82 -1 83 92 52 41 14 16 68 47 71 44 90 57 98 59 3 32 35 6 5 44 40 38 88 
80 37 67 27 98 5 39 3 32 77 35 76 33 100 88 88 28 45 38 32 95 13 32 62 58 80 75 81 71 88 86 37 70 37 83 92 89 73 14 89 30 14 32 69 35 81 73 33 21 9 10 88 38 57 2 30 73 87 16 31 20 44 16 79 36 100 75 86 64 38 14 60 97 70 30 4 83 -1 99 65 20 68 89 99 10 52 81 53 56 74 67 23 41 65 93 37 55 2 34 65 
45 62 37 38 96 97 16 9 3 97 95 86 82 27 13 64 94 51 24 31 94 8 92 48 85 21 100 34 61 61 85 57 87 15 23 89 64 87 35 24 51 74 42 27 64 71 88 6 78 27 2 64 77 23 34 75 40 52 63 5 45 40 29 90 49 25 31 20 96 28 41 100 23 1 8 25 92 99 -1 4 65 99 10 70 94 1 59 33 99 23 5 18 11 3 28 15 35 80 70 8 
28 48 91 7 22 42 75 62 49 48 90 2 31 17 84 63 83 86 58 32 6 17 80 69 64 99 45 56 34 62 80 82 68 60 10 28 97 100 95 65 45 91 50 9 94 1 71 87 80 75 66 31 66 13 84 3 6 65 76 89 30 52 39 15 70 58 61 79 2 89 1 88 3 90 58 44 52 65 4 -1 98 92 1 63 36 37 69 37 22 33 41 38 83 50 7 28 2 18 61 1 
61 20 23 32 20 80 82 85 27 79 10 2 47 65 38 36 73 61 49 76 21 33 23 95 97 48 17 90 15 7 69 6 77 19 26 9 50 89 35 92 85 38 69 69 54 23 15 67 47 91 92 76 75 36 40 6 1 16 59 80 6 4 62 80 50 16 27 92 55 91 93 73 74 82 39 35 41 20 65 98 -1 40 17 18 3 19 97 17 53 29 86 13 78 29 13 40 64 1 60 53 
8 45 59 75 87 23 21 51 8 94 78 98 28 51 81 46 8 88 63 82 88 92 12 76 34 26 32 2 18 25 30 98 44 86 68 41 19 23 88 86 50 33 97 10 19 29 20 77 33 2 74 36 48 93 46 2 31 85 97 98 79 52 60 12 29 75 54 79 75 34 81 40 35 4 82 54 14 68 99 92 40 -1 22 44 93 59 26 94 18 54 95 87 66 47 26 82 17 80 52 13 
40 69 41 59 56 1 42 25 5 95 69 26 29 89 74 64 68 88 57 83 5 23 58 59 98 30 25 31 48 65 54 13 65 21 75 7 6 13 57 93 96 23 94 36 57 2 82 66 83 66 28 68 97 94 39 8 37 16 76 89 74 34 98 7 37 53 8 52 5 15 91 40 2 39 32 17 16 89 10 1 17 22 -1 96 56 93 33 68 71 61 80 62 25 32 22 29 5 65 21 16 
39 97 8 9 42 97 99 31 17 12 6 10 53 62 12 27 38 19 79 59 23 26 40 91 28 91 81 70 4 89 29 23 34 68 12 4 31 87 20 31 31 7 26 100 28 88 62 53 78 9 44 34 58 90 25 34 23 25 76 27 77 97 58 2 64 72 22 65 19 96 26 17 61 57 9 95 68 99 70 63 18 44 96 -1 43 66 85 48 12 71 13 59 48 46 75 28 49 39 23 4 
79 58 9 59 91 85 78 7 23 13 63 57 55 74 32 46 89 91 95 36 21 58 1 33 54 30 79 2 93 60 63 61 14 59 25 21 29 87 80 56 34 28 42 34 41 7 78 53 36 82 35 90 92 99 34 8 6 18 2 51 77 43 23 15 51 96 74 42 68 52 47 72 59 58 35 83 47 10 94 36 3 93 56 43 -1 32 56 72 2 68 3 15 44 35 88 72 91 53 92 6 
96 11 4 25 48 3 7 16 48 58 3 37 66 24 79 11 92 24 73 70 70 72 99 48 52 10 59 34 62 70 17 41 49 5 27 4 16 93 57 92 38 3 27 64 98 89 97 36 11 10 51 36 78 8 74 20 4 61 13 29 47 18 2 80 43 96 64 53 57 34 38 82 93 12 73 77 71 52 1 37 19 59 93 66 32 -1 47 9 90 94 21 60 58 31 60 3 57 87 3 95 
78 32 24 27 16 53 96 47 56 92 18 73 6 74 84 47 21 19 17 73 18 60 64 31 56 18 39 5 58 8 45 90 8 93 81 50 80 64 49 49 60 71 68 52 58 68 40 63 86 51 8 39 5 55 2 55 32 40 87 15 83 95 71 15 57 69 49 71 42 52 77 42 52 91 42 4 44 81 59 69 97 26 33 85 56 47 -1 61 6 78 16 77 31 84 80 46 79 66 33 51 
62 58 10 72 44 9 52 68 16 75 63 31 66 94 32 76 30 100 36 92 98 80 14 37 14 85 67 91 43 12 74 24 67 60 18 65 22 72 35 82 73 5 14 54 84 31 57 1 60 41 39 31 31 18 27 36 13 100 100 15 61 32 93 15 69 56 7 95 14 93 80 18 76 59 38 74 90 53 33 37 17 94 68 48 72 9 61 -1 56 37 42 62 83 3 3 76 23 15 33 53 
22 41 79 1 76 4 23 39 71 34 56 40 23 48 19 37 69 25 20 92 81 69 2 56 74 45 86 92 1 44 30 98 51 36 52 83 88 13 28 91 76 69 67 37 48 81 12 45 23 68 19 54 13 61 95 89 44 5 78 35 12 8 70 71 44 76 1 10 19 48 90 20 64 24 11 58 57 56 99 22 53 18 71 12 2 90 6 56 -1 74 87 9 60 89 55 20 95 33 88 23 
31 64 65 85 55 33 99 8 12 26 54 59 17 28 9 34 36 6 58 60 63 1 3 71 41 54 89 45 1 99 48 61 72 31 13 11 99 92 91 53 38 25 88 29 76 15 41 46 100 13 70 39 79 71 99 34 50 13 97 83 82 97 4 7 45 33 58 15 8 70 22 71 33 49 98 35 98 74 23 33 29 54 61 71 68 94 78 37 74 -1 63 23 54 8 1 19 93 51 27 29 
35 53 33 77 39 77 18 36 76 47 71 74 16 16 73 17 61 53 40 86 69 53 24 79 18 29 66 18 41 77 23 36 25 86 82 22 31 39 85 87 46 42 88 67 26 10 13 16 23 78 3 78 22 80 37 38 86 92 42 93 42 63 22 42 9 38 44 45 58 100 27 97 17 3 95 34 59 67 5 41 86 95 80 13 3 21 16 42 87 63 -1 45 40 12 99 42 87 21 56 72 
59 28 41 15 29 78 71 63 81 43 2 5 84 20 53 65 96 63 78 24 17 65 93 35 75 33 77 99 12 89 46 19 29 74 64 17 53 85 89 81 4 59 78 37 31 48 81 26 54 54 13 34 9 85 82 84 30 34 1 72 40 5 62 19 29 58 51 64 82 5 11 61 81 75 74 44 3 23 18 38 13 87 62 59 15 60 77 62 9 23 45 -1 25 29 10 85 40 99 91 12 
54 48 100 42 73 41 6 35 24 27 96 80 56 91 59 51 49 35 62 75 89 95 30 51 43 72 47 42 72 37 98 31 100 64 61 45 95 65 18 93 68 53 13 73 58 54 80 11 91 22 58 93 92 34 91 77 34 49 48 98 85 62 48 49 65 86 3 79 86 4 73 92 52 24 40 7 32 41 11 83 78 66 25 48 44 58 31 83 60 54 40 25 -1 45 23 51 67 38 25 21 
67 93 12 36 1 9 85 70 15 6 14 41 88 44 74 4 64 67 43 14 69 18 95 38 46 14 24 67 3 5 49 18 62 23 5 26 30 87 99 80 54 68 82 46 71 87 27 43 3 98 58 43 29 79 77 40 51 65 54 22 47 19 91 37 83 98 13 54 63 38 84 24 87 18 5 75 35 65 3 50 29 47 32 46 35 31 84 3 89 8 12 29 45 -1 97 77 91 89 80 17 
90 69 34 62 71 89 90 19 17 68 87 85 41 5 56 27 71 24 40 29 5 66 85 64 95 71 85 48 38 78 30 90 26 36 74 87 84 41 88 40 12 42 64 55 71 76 89 83 85 73 60 5 36 38 76 32 10 54 88 7 38 17 93 89 82 45 58 37 71 20 66 71 29 59 97 81 6 93 28 7 13 26 22 75 88 60 80 3 55 1 99 10 23 97 -1 18 24 56 29 74 
61 77 10 25 66 97 13 65 13 21 42 56 85 89 29 31 68 50 100 80 76 63 14 64 25 64 29 66 66 100 6 7 55 17 49 64 93 31 36 32 42 37 80 56 28 76 87 23 34 59 59 19 80 13 54 22 81 38 89 33 39 82 28 34 54 70 74 55 41 26 10 16 12 41 89 70 5 37 15 28 40 82 29 28 72 3 46 76 20 19 42 85 51 77 18 -1 50 67 46 5 
66 20 12 14 20 39 39 81 1 64 22 85 3 95 86 17 82 31 39 12 79 67 12 41 48 55 4 76 18 88 98 73 44 55 36 51 4 38 96 12 93 61 34 11 44 62 23 58 18 6 21 38 71 4 77 75 94 12 65 66 51 30 97 69 61 8 25 13 28 78 3 7 30 50 59 25 44 55 35 2 64 17 5 49 91 57 79 23 95 93 87 40 67 91 24 50 -1 38 70 86 
6 85 92 97 33 82 62 50 43 26 69 26 97 18 57 43 69 79 29 100 51 24 63 19 50 95 38 74 20 35 13 13 60 99 85 76 85 84 24 35 12 31 3 50 77 80 78 97 82 7 37 19 82 86 6 67 15 98 7 48 32 93 43 22 36 20 8 83 5 47 91 89 52 11 23 27 40 2 80 18 1 80 65 39 53 87 66 15 33 51 21 99 38 89 56 67 38 -1 48 6 
45 92 26 92 94 54 73 64 59 21 7 52 34 54 86 36 32 25 90 43 12 26 29 69 84 42 4 89 62 55 47 27 25 40 21 22 79 27 90 17 96 32 66 52 34 75 8 99 29 30 73 32 2 89 13 58 31 66 69 82 98 45 96 2 32 12 95 74 14 30 39 78 35 79 12 43 38 34 70 61 60 52 21 23 92 3 33 33 88 27 56 91 25 80 29 46 70 48 -1 25 
51 30 14 84 54 80 16 42 37 75 62 93 55 76 28 31 4 67 74 94 22 71 48 98 52 94 54 97 71 96 18 20 20 9 69 89 18 7 70 68 95 96 79 10 41 68 28 65 30 21 38 32 54 35 22 8 45 11 27 77 66 70 70 89 10 99 20 86 13 43 1 61 98 78 76 64 88 65 8 1 53 13 16 4 6 95 51 53 23 29 72 12 21 17 74 5 86 6 25 -1 
